$ 1 0.000005 10.20027730826997 24 5 50
v 304 736 304 400 0 0 40 10 0 0 0.5
r 640 400 640 736 0 20
r 304 128 528 128 0 20
r 1200 736 1200 128 0 10
w 304 736 640 736 0
w 640 736 1024 736 0
i 1024 736 1024 400 0 2.5
r 640 400 896 400 0 50
w 1024 400 1024 128 0
w 1024 128 1200 128 0
w 1024 736 1200 736 0
g 1024 736 1024 784 0
212 704 192 736 192 0 2 4*(a-b)
w 800 192 800 128 0
w 800 128 528 128 0
w 800 224 832 224 0
w 832 224 832 128 0
w 832 128 1024 128 0
w 704 192 640 192 0
w 640 192 640 400 0
g 704 224 704 288 0
w 352 288 352 400 0
w 352 400 304 400 0
w 352 288 512 288 0
w 512 336 512 288 0
w 592 400 640 400 0
w 304 128 304 400 0
w 592 368 592 400 0
w 512 368 592 368 0
w 896 448 896 400 0
w 960 400 1024 400 0
w 384 336 384 480 0
w 960 480 384 480 0
w 960 480 960 400 0
w 384 336 416 336 0
215 416 336 464 336 0 2 2.5*i
w 416 368 416 448 0
w 416 448 896 448 0
